%YAML:1.0
label: !!opencv-matrix
   rows: 1
   cols: 125
   dt: f
   data: [ 1048583., 1048580., 1048584., 1048578., 1048582., 1048580.,
       1048580., 1048579., 1048579., 1048585., 1048581., 1048582.,
       1048582., 1048581., 1048583., 1048585., 1048576., 1048584.,
       1048584., 1048578., 1048580., 1048580., 1048582., 1048577.,
       1048577., 1048585., 1048584., 1048579., 1048576., 1048579.,
       1048585., 1048580., 1048581., 1048585., 1048584., 1048580.,
       1048585., 1048578., 1048578., 1048582., 1048580., 1048580.,
       1048582., 1048585., 1048581., 1048581., 1048581., 1048576.,
       1048577., 1048577., 1048578., 1048581., 1048584., 1048579.,
       1048585., 1048576., 1048583., 1048578., 1048576., 1048580.,
       1048584., 1048578., 1048576., 1048581., 1048580., 1048583.,
       1048584., 1048580., 1048584., 1048577., 1048577., 1048577.,
       1048577., 1048577., 1048577., 1048578., 1048584., 1048576.,
       1048580., 1048585., 1048581., 1048579., 1048581., 1048578.,
       1048583., 1048579., 1048578., 1048578., 1048584., 1048581.,
       1048576., 1048581., 1048581., 1048585., 1048576., 1048582.,
       1048580., 1048580., 1048577., 1048577., 1048584., 1048579.,
       1048585., 1048576., 1048583., 1048580., 1048582., 1048582.,
       1048576., 1048579., 1048578., 1048584., 1048578., 1048579.,
       1048581., 1048582., 1048584., 1048576., 1048584., 1048580.,
       1048578., 1048584., 1048585., 1048577., 1048577. ]
